baseline          0    0.39  [0.25, 0.55]   36
neutral           1    0.58  [0.42, 0.73]   36  +0.19 [-0.03,+0.42] p=0.099
neutral           3    0.67  [0.50, 0.80]   36  +0.28 [+0.06,+0.50] p=0.018
neutral           5    0.75  [0.59, 0.86]   36  +0.36 [+0.14,+0.56] p=0.002
confessional      1    0.11  [0.04, 0.25]   36  -0.28 [-0.47,-0.08] p=0.006
confessional      3    0.33  [0.20, 0.50]   36  -0.06 [-0.28,+0.17] p=0.624
confessional      5    0.14  [0.06, 0.29]   36  -0.25 [-0.44,-0.06] p=0.016
normative         1    0.36  [0.22, 0.52]   36  -0.03 [-0.25,+0.19] p=0.808
normative         3    0.50  [0.34, 0.66]   36  +0.11 [-0.11,+0.33] p=0.343
normative         5    0.47  [0.32, 0.63]   36  +0.08 [-0.14,+0.31] p=0.475
reframe           1    0.03  [0.00, 0.14]   36  -0.36 [-0.53,-0.19] p=0.000
reframe           3    0.33  [0.20, 0.50]   36  -0.06 [-0.28,+0.17] p=0.624
reframe           5    0.11  [0.04, 0.25]   36  -0.28 [-0.47,-0.08] p=0.006
refuser           1    0.17  [0.08, 0.32]   36  -0.22 [-0.42,-0.03] p=0.035
refuser           3    0.22  [0.12, 0.38]   36  -0.17 [-0.36,+0.03] p=0.125
refuser           5    0.33  [0.20, 0.50]   36  -0.06 [-0.28,+0.17] p=0.624