baseline          0    0.00  [0.00, 0.10]   36
neutral           1    0.00  [0.00, 0.10]   36  +0.00 [+0.00,+0.00] p=1.000
neutral           3    0.00  [0.00, 0.10]   36  +0.00 [+0.00,+0.00] p=1.000
neutral           5    0.00  [0.00, 0.10]   36  +0.00 [+0.00,+0.00] p=1.000
confessional      1    0.00  [0.00, 0.10]   36  +0.00 [+0.00,+0.00] p=1.000
confessional      3    0.00  [0.00, 0.10]   36  +0.00 [+0.00,+0.00] p=1.000
confessional      5    0.00  [0.00, 0.10]   36  +0.00 [+0.00,+0.00] p=1.000
normative         1    0.00  [0.00, 0.10]   36  +0.00 [+0.00,+0.00] p=1.000
normative         3    0.00  [0.00, 0.10]   36  +0.00 [+0.00,+0.00] p=1.000
normative         5    0.00  [0.00, 0.10]   36  +0.00 [+0.00,+0.00] p=1.000
reframe           1    0.00  [0.00, 0.10]   36  +0.00 [+0.00,+0.00] p=1.000
reframe           3    0.00  [0.00, 0.10]   36  +0.00 [+0.00,+0.00] p=1.000
reframe           5    0.00  [0.00, 0.10]   36  +0.00 [+0.00,+0.00] p=1.000
refuser           1    0.00  [0.00, 0.10]   36  +0.00 [+0.00,+0.00] p=1.000
refuser           3    0.00  [0.00, 0.10]   36  +0.00 [+0.00,+0.00] p=1.000
refuser           5    0.00  [0.00, 0.10]   36  +0.00 [+0.00,+0.00] p=1.000