baseline          0    0.50  [0.34, 0.66]   36
neutral           1    0.39  [0.25, 0.55]   36  -0.11 [-0.33,+0.11] p=0.343
neutral           3    0.58  [0.42, 0.73]   36  +0.08 [-0.14,+0.31] p=0.478
neutral           5    0.42  [0.27, 0.58]   36  -0.08 [-0.31,+0.14] p=0.478
confessional      1    0.08  [0.03, 0.22]   36  -0.42 [-0.58,-0.22] p=0.000
confessional      3    0.06  [0.02, 0.18]   36  -0.44 [-0.61,-0.28] p=0.000
confessional      5    0.17  [0.08, 0.32]   36  -0.33 [-0.53,-0.14] p=0.003
normative         1    0.25  [0.14, 0.41]   36  -0.25 [-0.47,-0.03] p=0.028
normative         3    0.06  [0.02, 0.18]   36  -0.44 [-0.61,-0.28] p=0.000
normative         5    0.08  [0.03, 0.22]   36  -0.42 [-0.58,-0.22] p=0.000
reframe           1    0.00  [0.00, 0.10]   36  -0.50 [-0.67,-0.33] p=0.000
reframe           3    0.11  [0.04, 0.25]   36  -0.39 [-0.58,-0.19] p=0.000
reframe           5    0.11  [0.04, 0.25]   36  -0.39 [-0.58,-0.19] p=0.000
refuser           1    0.11  [0.04, 0.25]   36  -0.39 [-0.58,-0.19] p=0.000
refuser           3    0.03  [0.00, 0.14]   36  -0.47 [-0.64,-0.31] p=0.000
refuser           5    0.03  [0.00, 0.14]   36  -0.47 [-0.64,-0.31] p=0.000