baseline          0    0.61  [0.45, 0.75]   36
neutral           1    0.94  [0.82, 0.98]   36  +0.33 [+0.17,+0.50] p=0.001
neutral           3    0.94  [0.82, 0.98]   36  +0.33 [+0.17,+0.50] p=0.001
neutral           5    0.92  [0.78, 0.97]   36  +0.31 [+0.11,+0.50] p=0.002
confessional      1    0.94  [0.82, 0.98]   36  +0.33 [+0.17,+0.50] p=0.001
confessional      3    0.78  [0.62, 0.88]   36  +0.17 [-0.06,+0.36] p=0.125
confessional      5    0.78  [0.62, 0.88]   36  +0.17 [-0.06,+0.39] p=0.125
normative         1    0.86  [0.71, 0.94]   36  +0.25 [+0.06,+0.44] p=0.016
normative         3    0.89  [0.75, 0.96]   36  +0.28 [+0.08,+0.47] p=0.006
normative         5    0.83  [0.68, 0.92]   36  +0.22 [+0.03,+0.42] p=0.035
reframe           1    0.92  [0.78, 0.97]   36  +0.31 [+0.11,+0.50] p=0.002
reframe           3    0.92  [0.78, 0.97]   36  +0.31 [+0.11,+0.50] p=0.002
reframe           5    0.83  [0.68, 0.92]   36  +0.22 [+0.03,+0.42] p=0.035
refuser           1    0.89  [0.75, 0.96]   36  +0.28 [+0.08,+0.47] p=0.006
refuser           3    0.83  [0.68, 0.92]   36  +0.22 [+0.03,+0.42] p=0.035
refuser           5    0.83  [0.68, 0.92]   36  +0.22 [+0.03,+0.42] p=0.035