baseline          0    0.63  [0.46, 0.78]   30
neutral           1    0.67  [0.49, 0.81]   30  +0.03 [-0.20,+0.27] p=0.787
neutral           3    0.60  [0.42, 0.75]   30  -0.03 [-0.27,+0.23] p=0.791
neutral           5    0.33  [0.19, 0.51]   30  -0.30 [-0.53,-0.07] p=0.020
confessional      1    0.30  [0.17, 0.48]   30  -0.33 [-0.57,-0.10] p=0.010
confessional      3    0.30  [0.17, 0.48]   30  -0.33 [-0.57,-0.10] p=0.010
confessional      5    0.23  [0.12, 0.41]   30  -0.40 [-0.63,-0.17] p=0.002
normative         1    0.27  [0.14, 0.44]   30  -0.37 [-0.60,-0.13] p=0.004
normative         3    0.23  [0.12, 0.41]   30  -0.40 [-0.63,-0.17] p=0.002
normative         5    0.13  [0.05, 0.30]   30  -0.50 [-0.70,-0.27] p=0.000
reframe           1    0.20  [0.10, 0.37]   30  -0.43 [-0.67,-0.20] p=0.001
reframe           3    0.23  [0.12, 0.41]   30  -0.40 [-0.63,-0.17] p=0.002
reframe           5    0.27  [0.14, 0.44]   30  -0.37 [-0.60,-0.13] p=0.004
refuser           1    0.13  [0.05, 0.30]   30  -0.50 [-0.70,-0.27] p=0.000
refuser           3    0.10  [0.03, 0.26]   30  -0.53 [-0.73,-0.33] p=0.000
refuser           5    0.03  [0.01, 0.17]   30  -0.60 [-0.77,-0.40] p=0.000